ans =

     1     3     5     2     4
     2     2     5     1     3
     3     2     5     1     3
     3     2     4     2     2
     1     1     1     4     3

Accuracy for imgs/black-white-kittens2.jpg is 0.9072
Subscripted assignment dimension mismatch.

Error in ComputeCentralityFeatures (line 31)
    features(:,:,1) = sqrt(double(m)) ;

Error in ComputeColorCentralityEdgeFeatures (line 25)
    features(:,:,4) = ComputeCentralityFeatures(img);

Error in ComputeSegmentation (line 76)
    features = featureFn(imgSmall);

Error in EvaluateAllSegmentations (line 42)
    segments = ComputeSegmentation(img, numClusters, clusteringMethod, ...

>> EvaluateAllSegmentations

ans =

     1     1     1     2     1
     3     4     3     1     3
     2     3     2     4     3
     1     4     5     5     4
     1     2     5     5     4

Accuracy for imgs/black-white-kittens2.jpg is 0.9005

ans =

     1     1     2     3     4
     5     1     1     1     2
     2     2     2     4     3
     3     5     2     1     3
     5     2     1     3     1

Accuracy for imgs/black_kitten.jpg is 0.9613

ans =

     5     5     2     2     1
     3     4     5     3     2
     2     4     5     5     3
     4     1     4     3     1
     2     1     4     5     4

Accuracy for imgs/black_kitten_star.jpg is 0.9875

ans =

     2     2     2     1     3
     3     3     5     5     2
     4     5     5     3     5
     1     4     4     5     1
     1     2     2     1     3

Accuracy for imgs/cat-jumping-running-grass.jpg is 0.9521

ans =

     1     3     5     3     5
     4     5     3     4     1
     3     3     2     5     3
     1     1     4     2     3
     1     1     2     4     2

Accuracy for imgs/cat_bed.jpg is 0.9516

ans =

     1     3     5     5     3
     5     5     1     4     5
     5     2     3     3     5
     3     1     4     1     5
     4     3     1     3     4

Accuracy for imgs/cat_grumpy.jpg is 0.9049

ans =

     4     3     3     3     3
     3     5     3     4     2
     4     1     5     1     2
     5     1     3     5     4
     5     2     3     1     1

Accuracy for imgs/cat_march.jpg is 0.9892

ans =

     3     5     3     3     5
     3     4     5     5     3
     1     2     5     4     3
     5     5     3     2     2
     3     4     2     4     1

Accuracy for imgs/cat_mouse.jpg is 0.6708

ans =

     4     1     3     3     3
     1     1     3     2     2
     1     4     1     5     2
     2     2     1     5     3
     3     4     1     5     4

Accuracy for imgs/cutest-cat-ever-snoopy-sleeping.jpg is 0.9011

ans =

     4     1     5     4     2
     3     4     5     1     2
     3     4     1     3     3
     5     2     2     5     5
     2     5     1     3     1

Accuracy for imgs/grey-american-shorthair.jpg is 0.9779

ans =

     2     5     1     1     5
     1     1     5     5     1
     4     4     4     3     3
     5     2     4     4     4
     4     3     5     4     5

Accuracy for imgs/grey-cat-grass.jpg is 0.9433

ans =

     1     1     3     1     4
     5     1     3     1     4
     3     4     2     2     5
     1     2     4     4     5
     4     2     1     2     2

Accuracy for imgs/kitten16.jpg is 0.8733

ans =

     3     2     2     5     3
     2     3     3     5     2
     4     5     1     5     2
     2     4     4     3     2
     3     5     4     1     1

Accuracy for imgs/kitten9.jpg is 0.8229

ans =

     3     2     5     2     2
     5     4     1     4     2
     5     4     3     5     2
     2     4     4     2     5
     3     1     4     1     1

Accuracy for imgs/stripey-kitty.jpg is 0.8167

ans =

     5     2     3     2     4
     2     2     5     5     2
     1     5     1     4     2
     2     4     4     5     2
     2     5     5     3     3

Accuracy for imgs/the-black-white-kittens.jpg is 0.6566

ans =

     5     3     5     4     5
     2     2     5     4     3
     5     3     2     4     5
     4     5     3     2     2
     2     1     3     3     4

Accuracy for imgs/tortoiseshell_shell_cat.jpg is 0.7593

ans =

     1     1     1     5     5
     5     4     2     1     5
     5     2     3     2     4
     3     3     2     4     5
     4     5     4     2     3

Accuracy for imgs/young-calico-cat.jpg is 0.5951
The mean accuracy for all images is 0.8626