ans =

     4     5     4     1     4
     1     3     5     2     3
     4     4     4     1     3
     1     5     1     3     5
     5     1     3     3     5

Accuracy for imgs/black-white-kittens2.jpg is 0.9110

ans =

     2     5     5     1     3
     1     5     5     4     4
     1     4     2     3     1
     5     5     1     4     3
     4     2     4     1     5

Accuracy for imgs/black_kitten.jpg is 0.9739

ans =

     3     5     1     2     4
     5     1     3     3     5
     3     1     4     2     4
     4     1     5     4     2
     5     1     4     1     3

Accuracy for imgs/black_kitten_star.jpg is 0.9882

ans =

     2     1     2     3     2
     3     3     1     1     1
     2     2     5     5     3
     1     3     4     2     3
     4     5     3     4     2

Accuracy for imgs/cat-jumping-running-grass.jpg is 0.9734

ans =

     4     3     3     3     4
     4     2     3     3     4
     4     4     2     1     5
     4     3     2     2     5
     5     1     4     3     1

Accuracy for imgs/cat_bed.jpg is 0.9585

ans =

     5     1     4     5     1
     1     4     3     1     2
     2     1     2     4     2
     1     4     5     1     2
     1     1     5     1     2

Accuracy for imgs/cat_grumpy.jpg is 0.8803

ans =

     5     1     1     2     5
     1     1     4     4     2
     1     3     5     1     1
     4     5     3     3     4
     4     5     1     3     1

Accuracy for imgs/cat_march.jpg is 0.9893

ans =

     5     1     1     4     2
     5     4     2     4     4
     2     3     5     1     2
     3     3     3     5     5
     4     2     2     4     2

Accuracy for imgs/cat_mouse.jpg is 0.8513

ans =

     4     1     5     1     5
     2     5     4     2     1
     3     2     2     4     4
     1     2     1     3     1
     1     4     4     2     3

Accuracy for imgs/cutest-cat-ever-snoopy-sleeping.jpg is 0.8954

ans =

     3     2     4     4     2
     1     5     3     1     5
     1     3     4     1     4
     2     2     5     2     2
     1     3     2     5     5

Accuracy for imgs/grey-american-shorthair.jpg is 0.9731

ans =

     5     4     3     5     1
     3     2     4     2     4
     5     3     4     4     3
     3     1     2     2     5
     3     4     5     2     2

Accuracy for imgs/grey-cat-grass.jpg is 0.9534

ans =

     1     5     5     1     4
     1     4     5     1     4
     4     3     5     1     3
     3     2     4     4     2
     3     1     1     1     5

Accuracy for imgs/kitten16.jpg is 0.8932

ans =

     5     5     4     3     4
     2     4     3     2     4
     1     4     5     3     4
     1     5     1     2     2
     4     3     5     1     2

Accuracy for imgs/kitten9.jpg is 0.8486

ans =

     5     5     3     2     1
     5     3     2     2     4
     3     4     1     2     4
     1     4     4     4     5
     2     2     1     5     5

Accuracy for imgs/stripey-kitty.jpg is 0.8318

ans =

     1     5     2     3     2
     3     3     2     2     4
     2     5     3     1     3
     1     5     2     3     3
     1     3     3     3     4

Accuracy for imgs/the-black-white-kittens.jpg is 0.7946

ans =

     2     1     4     3     4
     4     2     3     2     1
     2     3     3     4     1
     4     5     5     3     3
     2     4     2     2     4

Accuracy for imgs/tortoiseshell_shell_cat.jpg is 0.8383

ans =

     1     4     5     5     1
     2     5     1     3     2
     2     4     2     1     4
     3     5     1     3     3
     3     1     4     3     1

Accuracy for imgs/young-calico-cat.jpg is 0.8200
The mean accuracy for all images is 0.9044